All Different instances
 
mask:
0, 0, 0, 1, 0, 0, 1, 0, 0, 1, 0, 0
0, 0, 0, 0, 1, 0, 0, 1, 0, 0, 1, 0
0, 0, 0, 0, 0, 1, 0, 0, 1, 0, 0, 1
1, 0, 0, 0, 0, 0, 1, 0, 0, 1, 0, 0
0, 1, 0, 0, 0, 0, 0, 1, 0, 0, 1, 0
0, 0, 1, 0, 0, 0, 0, 0, 1, 0, 0, 1
1, 0, 0, 1, 0, 0, 0, 0, 0, 1, 0, 0
0, 1, 0, 0, 1, 0, 0, 0, 0, 0, 1, 0
0, 0, 1, 0, 0, 1, 0, 0, 0, 0, 0, 1
1, 0, 0, 1, 0, 0, 1, 0, 0, 0, 0, 0
0, 1, 0, 0, 1, 0, 0, 1, 0, 0, 0, 0
0, 0, 1, 0, 0, 1, 0, 0, 1, 0, 0, 0



Logit_Mask:
0, 1, 1, 1, 1, 1, 1, 1, 1, 1, 1, 1
1, 0, 1, 1, 1, 1, 1, 1, 1, 1, 1, 1
1, 1, 0, 1, 1, 1, 1, 1, 1, 1, 1, 1
1, 1, 1, 0, 1, 1, 1, 1, 1, 1, 1, 1
1, 1, 1, 1, 0, 1, 1, 1, 1, 1, 1, 1
1, 1, 1, 1, 1, 0, 1, 1, 1, 1, 1, 1
1, 1, 1, 1, 1, 1, 0, 1, 1, 1, 1, 1
1, 1, 1, 1, 1, 1, 1, 0, 1, 1, 1, 1
1, 1, 1, 1, 1, 1, 1, 1, 0, 1, 1, 1
1, 1, 1, 1, 1, 1, 1, 1, 1, 0, 1, 1
1, 1, 1, 1, 1, 1, 1, 1, 1, 1, 0, 1
1, 1, 1, 1, 1, 1, 1, 1, 1, 1, 1, 0



------------------------------------------------------------------------
hammer hammer apple


           t1  r1  d1  s1  t2  r2  d2  s2  t3  r3  d3  s3
           
t1        [0., 1., 0., 1., 1., 0., 1., 1., 0., 1., 1., 0.],
r1        [1., 0., 0., 1., 1., 0., 1., 1., 0., 1., 1., 0.],
d1        [0., 0., 0., 0., 0., 1., 0., 0., 1., 0., 0., 1.],
s1        [1., 1., 0., 0., 1., 0., 1., 1., 0., 1., 1., 0.],
t2        [1., 1., 0., 1., 0., 0., 1., 1., 0., 1., 1., 0.],
r2        [0., 0., 1., 0., 0., 0., 0., 0., 1., 0., 0., 1.],
d2        [1., 1., 0., 1., 1., 0., 0., 1., 0., 1., 1., 0.],
s2        [1., 1., 0., 1., 1., 0., 1., 0., 0., 1., 1., 0.],
t3        [0., 0., 1., 0., 0., 1., 0., 0., 0., 0., 0., 1.],
r3        [1., 1., 0., 1., 1., 0., 1., 1., 0., 0., 1., 0.],
d3        [1., 1., 0., 1., 1., 0., 1., 1., 0., 1., 0., 0.],
s3        [0., 0., 1., 0., 0., 1., 0., 0., 1., 0., 0., 0.]]) 




mask:
0, 1, 0, 1, 1, 0, 1, 1, 0, 1, 1, 0,
1, 0, 0, 1, 1, 0, 1, 1, 0, 1, 1, 0,
0, 0, 0, 0, 0, 1, 0, 0, 1, 0, 0, 1,
1, 1, 0, 0, 1, 0, 1, 1, 0, 1, 1, 0,
1, 1, 0, 1, 0, 0, 1, 1, 0, 1, 1, 0,
0, 0, 1, 0, 0, 0, 0, 0, 1, 0, 0, 1,
1, 1, 0, 1, 1, 0, 0, 1, 0, 1, 1, 0,
1, 1, 0, 1, 1, 0, 1, 0, 0, 1, 1, 0,
0, 0, 1, 0, 0, 1, 0, 0, 0, 0, 0, 1,
1, 1, 0, 1, 1, 0, 1, 1, 0, 0, 1, 0,
1, 1, 0, 1, 1, 0, 1, 1, 0, 1, 0, 0,
0, 0, 1, 0, 0, 1, 0, 0, 1, 0, 0, 0

logits_mask:
0, 1, 1, 1, 1, 1, 1, 1, 1, 1, 1, 1
1, 0, 1, 1, 1, 1, 1, 1, 1, 1, 1, 1
1, 1, 0, 1, 1, 1, 1, 1, 1, 1, 1, 1
1, 1, 1, 0, 1, 1, 1, 1, 1, 1, 1, 1
1, 1, 1, 1, 0, 1, 1, 1, 1, 1, 1, 1
1, 1, 1, 1, 1, 0, 1, 1, 1, 1, 1, 1
1, 1, 1, 1, 1, 1, 0, 1, 1, 1, 1, 1
1, 1, 1, 1, 1, 1, 1, 0, 1, 1, 1, 1
1, 1, 1, 1, 1, 1, 1, 1, 0, 1, 1, 1
1, 1, 1, 1, 1, 1, 1, 1, 1, 0, 1, 1
1, 1, 1, 1, 1, 1, 1, 1, 1, 1, 0, 1
1, 1, 1, 1, 1, 1, 1, 1, 1, 1, 1, 0



-------------------------------------------------
'marker', 'banana', 'banana'

mask:
0, 0, 0, 1, 0, 0, 1, 0, 0, 1, 0, 0
0, 0, 1, 0, 1, 1, 0, 1, 1, 0, 1, 1
0, 1, 0, 0, 1, 1, 0, 1, 1, 0, 1, 1
1, 0, 0, 0, 0, 0, 1, 0, 0, 1, 0, 0
0, 1, 1, 0, 0, 1, 0, 1, 1, 0, 1, 1
0, 1, 1, 0, 1, 0, 0, 1, 1, 0, 1, 1
1, 0, 0, 1, 0, 0, 0, 0, 0, 1, 0, 0
0, 1, 1, 0, 1, 1, 0, 0, 1, 0, 1, 1
0, 1, 1, 0, 1, 1, 0, 1, 0, 0, 1, 1
1, 0, 0, 1, 0, 0, 1, 0, 0, 0, 0, 0
0, 1, 1, 0, 1, 1, 0, 1, 1, 0, 0, 1
0, 1, 1, 0, 1, 1, 0, 1, 1, 0, 1, 0



-------------------------------------------------
'onion', 'medicine_bottle', 'onion'

mask:
0, 0, 1, 1, 0, 1, 1, 0, 1, 1, 0, 1
0, 0, 0, 0, 1, 0, 0, 1, 0, 0, 1, 0
1, 0, 0, 1, 0, 1, 1, 0, 1, 1, 0, 1
1, 0, 1, 0, 0, 1, 1, 0, 1, 1, 0, 1
0, 1, 0, 0, 0, 0, 0, 1, 0, 0, 1, 0
1, 0, 1, 1, 0, 0, 1, 0, 1, 1, 0, 1
1, 0, 1, 1, 0, 1, 0, 0, 1, 1, 0, 1
0, 1, 0, 0, 1, 0, 0, 0, 0, 0, 1, 0
1, 0, 1, 1, 0, 1, 1, 0, 0, 1, 0, 1
1, 0, 1, 1, 0, 1, 1, 0, 1, 0, 0, 1
0, 1, 0, 0, 1, 0, 0, 1, 0, 0, 0, 0
1, 0, 1, 1, 0, 1, 1, 0, 1, 1, 0, 0


Logit_Mask:
0, 1, 1, 1, 1, 1, 1, 1, 1, 1, 1, 1
1, 0, 1, 1, 1, 1, 1, 1, 1, 1, 1, 1
1, 1, 0, 1, 1, 1, 1, 1, 1, 1, 1, 1
1, 1, 1, 0, 1, 1, 1, 1, 1, 1, 1, 1
1, 1, 1, 1, 0, 1, 1, 1, 1, 1, 1, 1
1, 1, 1, 1, 1, 0, 1, 1, 1, 1, 1, 1
1, 1, 1, 1, 1, 1, 0, 1, 1, 1, 1, 1
1, 1, 1, 1, 1, 1, 1, 0, 1, 1, 1, 1
1, 1, 1, 1, 1, 1, 1, 1, 0, 1, 1, 1
1, 1, 1, 1, 1, 1, 1, 1, 1, 0, 1, 1
1, 1, 1, 1, 1, 1, 1, 1, 1, 1, 0, 1
1, 1, 1, 1, 1, 1, 1, 1, 1, 1, 1, 0


-------------------------------------------------
all similar
'spoon', 'spoon', 'spoon'

mask:
0, 1, 1, 1, 1, 1, 1, 1, 1, 1, 1, 1
1, 0, 1, 1, 1, 1, 1, 1, 1, 1, 1, 1
1, 1, 0, 1, 1, 1, 1, 1, 1, 1, 1, 1
1, 1, 1, 0, 1, 1, 1, 1, 1, 1, 1, 1
1, 1, 1, 1, 0, 1, 1, 1, 1, 1, 1, 1
1, 1, 1, 1, 1, 0, 1, 1, 1, 1, 1, 1
1, 1, 1, 1, 1, 1, 0, 1, 1, 1, 1, 1
1, 1, 1, 1, 1, 1, 1, 0, 1, 1, 1, 1
1, 1, 1, 1, 1, 1, 1, 1, 0, 1, 1, 1
1, 1, 1, 1, 1, 1, 1, 1, 1, 0, 1, 1
1, 1, 1, 1, 1, 1, 1, 1, 1, 1, 0, 1
1, 1, 1, 1, 1, 1, 1, 1, 1, 1, 1, 0


logits_mask:
0, 1, 1, 1, 1, 1, 1, 1, 1, 1, 1, 1
1, 0, 1, 1, 1, 1, 1, 1, 1, 1, 1, 1
1, 1, 0, 1, 1, 1, 1, 1, 1, 1, 1, 1
1, 1, 1, 0, 1, 1, 1, 1, 1, 1, 1, 1
1, 1, 1, 1, 0, 1, 1, 1, 1, 1, 1, 1
1, 1, 1, 1, 1, 0, 1, 1, 1, 1, 1, 1
1, 1, 1, 1, 1, 1, 0, 1, 1, 1, 1, 1
1, 1, 1, 1, 1, 1, 1, 0, 1, 1, 1, 1
1, 1, 1, 1, 1, 1, 1, 1, 0, 1, 1, 1
1, 1, 1, 1, 1, 1, 1, 1, 1, 0, 1, 1
1, 1, 1, 1, 1, 1, 1, 1, 1, 1, 0, 1
1, 1, 1, 1, 1, 1, 1, 1, 1, 1, 1, 0


-------------------------------------------------

two Different
'banana', 'gauze'

Mask:
0, 0, 1, 0, 1, 0, 1, 0
0, 0, 0, 1, 0, 1, 0, 1
1, 0, 0, 0, 1, 0, 1, 0
0, 1, 0, 0, 0, 1, 0, 1
1, 0, 1, 0, 0, 0, 1, 0
0, 1, 0, 1, 0, 0, 0, 1
1, 0, 1, 0, 1, 0, 0, 0
0, 1, 0, 1, 0, 1, 0, 0

Logit mask:
0, 1, 1, 1, 1, 1, 1, 1
1, 0, 1, 1, 1, 1, 1, 1
1, 1, 0, 1, 1, 1, 1, 1
1, 1, 1, 0, 1, 1, 1, 1
1, 1, 1, 1, 0, 1, 1, 1
1, 1, 1, 1, 1, 0, 1, 1
1, 1, 1, 1, 1, 1, 0, 1
1, 1, 1, 1, 1, 1, 1, 0


-------------------------------------------------

two similar
'hammer', 'hammer'

Mask:
0, 1, 1, 1, 1, 1, 1, 1
1, 0, 1, 1, 1, 1, 1, 1
1, 1, 0, 1, 1, 1, 1, 1
1, 1, 1, 0, 1, 1, 1, 1
1, 1, 1, 1, 0, 1, 1, 1
1, 1, 1, 1, 1, 0, 1, 1
1, 1, 1, 1, 1, 1, 0, 1
1, 1, 1, 1, 1, 1, 1, 0

Logit_Mask:
0, 1, 1, 1, 1, 1, 1, 1
1, 0, 1, 1, 1, 1, 1, 1
1, 1, 0, 1, 1, 1, 1, 1
1, 1, 1, 0, 1, 1, 1, 1
1, 1, 1, 1, 0, 1, 1, 1
1, 1, 1, 1, 1, 0, 1, 1
1, 1, 1, 1, 1, 1, 0, 1
1, 1, 1, 1, 1, 1, 1, 0





Original SupCon on cifar10
all Different
car, plane, dog

mask:
0, 0, 0, 1, 0, 0
0, 0, 0, 0, 1, 0
0, 0, 0, 0, 0, 1
1, 0, 0, 0, 0, 0
0, 1, 0, 0, 0, 0
0, 0, 1, 0, 0, 0
